0.0001 749.213 -1.14761e+06 4.52124e+09 2.26971e+13
0.000113377 734.725 -1.01447e+06 3.75347e+09 1.54506e+13
0.000128543 720.257 -889954 2.50527e+09 2.26155e+13
0.000145738 705.81 -783737 1.94764e+09 1.55168e+13
0.000165234 691.386 -690105 1.51401e+09 1.06461e+13
0.000187337 676.987 -607573 1.17683e+09 7.30415e+12
0.000212397 662.615 -534829 9.14652e+08 5.01117e+12
0.000240809 648.273 -470719 7.10811e+08 3.43792e+12
0.000273022 633.962 -414223 5.52337e+08 2.35851e+12
0.000309544 619.685 -364440 4.29143e+08 1.61794e+12
0.000350951 605.446 -320579 3.33384e+08 1.10985e+12
0.000397897 591.245 -281938 2.58958e+08 7.61273e+11
0.000451124 577.087 -247901 2.01118e+08 5.2214e+11
0.00051147 562.974 -217923 1.56173e+08 3.58095e+11
0.000579889 548.91 -191524 1.21254e+08 2.45567e+11
0.000657461 534.897 -168279 9.41276e+07 1.68381e+11
0.000745409 520.94 -147815 7.30578e+07 1.15443e+11
0.000845121 507.042 -129802 5.6695e+07 7.91375e+10
0.000958172 493.207 -113949 4.39897e+07 5.42421e+10
0.00108635 479.438 -99999.1 3.41259e+07 3.71731e+10
0.00123167 465.741 -87725.7 2.64694e+07 2.54717e+10
0.00139642 452.12 -76929.3 2.05271e+07 1.74515e+10
0.00158322 438.58 -67433.6 1.59158e+07 1.19553e+10
0.00179501 425.126 -59083.4 1.23378e+07 8.18952e+09
0.00203513 411.764 -51741.8 9.56178e+06 5.60989e+09
0.00230736 398.499 -45288.3 7.4081e+06 3.84309e+09
0.00261602 385.34 -39616.9 5.73729e+06 2.63314e+09
0.00296596 372.291 -34634.1 4.44109e+06 1.80457e+09
0.00336272 359.362 -30257.9 3.43555e+06 1.23712e+09
0.00381254 346.559 -26416.1 2.65556e+06 8.48413e+08
0.00432254 333.89 -23045.4 2.05065e+06 5.82024e+08
0.00490077 321.363 -20090.1 1.58173e+06 3.99353e+08
0.00555634 308.985 -17501.4 1.21847e+06 2.73988e+08
0.00629961 296.762 -15236 937368 1.87883e+08
0.0071423 284.701 -13255.9 720170 1.28702e+08
0.00809772 272.806 -11527.3 552663 8.80159e+07
0.00918094 261.079 -10020.2 423758 6.00563e+07
0.0104091 249.524 -8707.55 324781 4.08688e+07
0.0118015 238.139 -7565.38 248934 2.77327e+07
0.0133802 226.925 -6572.06 190896 1.87696e+07
0.01517 215.882 -5708.33 146511 1.26774e+07
0.0171993 205.007 -4957.08 112558 8.5525e+06
0.0195 194.302 -4303.34 86555.5 5.76831e+06
0.0221085 183.768 -3734.03 66610.7 3.89271e+06
0.025066 173.408 -3237.89 51288.1 2.62984e+06
0.028419 163.227 -2805.25 39501.9 1.77895e+06
0.0322206 153.231 -2427.78 30428.3 1.20484e+06
0.0365307 143.429 -2098.33 23439.8 816872
0.0414174 133.83 -1810.73 18055.6 554364
0.0469578 124.447 -1559.61 13905.8 376590
0.0532393 115.292 -1340.33 10705.6 256128
0.0603611 106.382 -1148.87 8235.92 174463
0.0684355 97.7343 -981.747 6328.38 119064
0.0775901 89.3686 -835.945 4853.74 81443.8
0.0879693 81.3061 -708.868 3712.9 55856.2
0.0997368 73.5696 -598.28 2829.95 38411.6
0.113079 66.1825 -502.256 2146.79 26480.2
0.128205 59.168 -419.132 1618.89 18286.7
0.145355 52.5483 -347.47 1212.08 12634.2
0.164799 46.3432 -286.004 900.002 8717.01
0.186844 40.569 -233.614 662.156 5992.74
0.211838 35.2373 -189.284 482.437 4095.19
0.240175 30.3541 -152.076 348.029 2775.7
0.272303 25.9195 -121.118 248.646 1862.9
0.308729 21.9276 -95.5883 175.995 1237.13
0.350027 18.3673 -74.7218 123.442 813.113
0.39685 15.2227 -57.814 85.757 529.511
0.449937 12.4745 -44.2322 58.9206 342.129
0.510124 10.1003 -33.4215 39.9297 219.505
0.578363 8.07531 -24.9056 26.5968 139.76
0.65573 6.37236 -18.2804 17.3495 88.0957
0.743447 4.96181 -13.2033 11.0521 54.7596
0.842897 3.8119 -9.38026 6.86779 33.4171
0.955651 2.88946 -6.55698 4.1678 19.9463
1.08349 2.16102 -4.51349 2.47831 11.6221
1.22842 1.5943 -3.06266 1.45062 6.61256
1.39275 1.15954 -2.05024 0.83924 3.68242
1.57906 0.830505 -1.35407 0.480669 2.01426
1.79029 0.584915 -0.881396 0.271907 1.08592
2.02977 0.404343 -0.564318 0.150991 0.578113
2.30129 0.273823 -0.354462 0.0816265 0.303825
2.60913 0.181304 -0.217829 0.0425976 0.157234
2.95816 0.117151 -0.130633 0.0212986 0.0798232
3.35387 0.0737393 -0.0762793 0.0101328 0.0395913
3.80251 0.0451318 -0.0432802 0.0045501 0.0191147
4.31117 0.0268098 -0.0238145 0.00190518 0.00895554
4.88787 0.0154273 -0.0126817 0.000727852 0.00406089
5.54172 0.00858174 -0.00652157 0.000242445 0.00177777
6.28303 0.00460469 -0.00323125 6.19869e-05 0.00074949
7.1235 0.00237768 -0.00153874 5.0102e-06 0.0003035
8.07641 0.00117857 -0.000702426 -7.55591e-06 0.000117722
9.15678 0.000559315 -0.000306533 -7.04818e-06 4.36111e-05
10.3817 0.000253418 -0.000127501 -4.28151e-06 1.53826e-05
11.7704 0.000109293 -5.03914e-05 -2.14845e-06 5.14914e-06
13.3449 4.47241e-05 -1.8861e-05 -9.48104e-07 1.63008e-06
15.1301 1.73063e-05 -6.66216e-06 -3.76952e-07 4.86247e-07
17.154 6.30971e-06 -2.21254e-06 -1.3645e-07 1.36143e-07
19.4487 2.15916e-06 -6.88142e-07 -2.1274e-08 2.645e-08
22.0503 6.90629e-07 -2.61755e-07 -1.82462e-09 1.18036e-08
25 2.05587e-07 0 0 0
