0.0001 672.276 -1.00354e+06 3.94715e+09 1.97925e+13
0.000113377 659.605 -887318 3.27709e+09 1.34738e+13
0.000128543 646.949 -778618 2.18808e+09 1.97235e+13
0.000145738 634.307 -685874 1.70138e+09 1.35329e+13
0.000165234 621.683 -604106 1.32285e+09 9.28532e+12
0.000187337 609.077 -532019 1.02848e+09 6.37084e+12
0.000212397 596.491 -468469 7.99553e+08 4.3711e+12
0.000240809 583.926 -412449 6.21534e+08 2.99901e+12
0.000273022 571.385 -363070 4.83109e+08 2.05758e+12
0.000309544 558.87 -319549 3.75478e+08 1.41164e+12
0.000350951 546.382 -281193 2.91796e+08 9.68453e+11
0.000397897 533.924 -247392 2.26738e+08 6.64382e+11
0.000451124 521.499 -217608 1.76165e+08 4.55763e+11
0.00051147 509.109 -191367 1.36854e+08 3.12635e+11
0.000579889 496.757 -168250 1.06301e+08 2.14443e+11
0.000657461 484.445 -147887 8.25576e+07 1.47081e+11
0.000745409 472.177 -129952 6.41075e+07 1.00871e+11
0.000845121 459.957 -114159 4.97729e+07 6.91737e+10
0.000958172 447.787 -100253 3.86371e+07 4.74322e+10
0.00108635 435.672 -88010.6 2.99876e+07 3.25209e+10
0.00123167 423.615 -77234.7 2.32701e+07 2.22949e+10
0.00139642 411.622 -67751.1 1.8054e+07 1.52829e+10
0.00158322 399.695 -59406.4 1.40042e+07 1.04753e+10
0.00179501 387.842 -52065 1.08603e+07 7.17957e+09
0.00203513 376.065 -45607.7 8.41998e+06 4.92058e+09
0.00230736 364.373 -39929.2 6.526e+06 3.37241e+09
0.00261602 352.769 -34936.8 5.05615e+06 2.31152e+09
0.00296596 341.262 -30548.9 3.91554e+06 1.5846e+09
0.00336272 329.856 -26693.6 3.0305e+06 1.08651e+09
0.00381254 318.561 -23307.6 2.34382e+06 7.45196e+08
0.00432254 307.383 -20335.4 1.81115e+06 5.11253e+08
0.00490077 296.329 -17728.1 1.39806e+06 3.50842e+08
0.00555634 285.406 -15442.7 1.07787e+06 2.4079e+08
0.00629961 274.623 -13441.4 829869 1.65236e+08
0.0071423 263.984 -11690.7 638001 1.1333e+08
0.00809772 253.496 -10161.2 489782 7.76491e+07
0.00918094 243.162 -8826.8 375498 5.3117e+07
0.0104091 232.986 -7664.14 287572 3.62564e+07
0.0118015 222.97 -6652.42 220078 2.46834e+07
0.0133802 213.114 -5773 168380 1.67571e+07
0.01517 203.416 -5009.2 128848 1.13453e+07
0.0171993 193.877 -4346.11 98648.6 7.66376e+06
0.0195 184.493 -3770.48 75582.6 5.16866e+06
0.0221085 175.264 -3270.66 57955.5 3.48308e+06
0.025066 166.188 -2836.46 44471.1 2.34695e+06
0.028419 157.266 -2459.07 34144.4 1.58198e+06
0.0322206 148.498 -2130.88 26228.5 1.06695e+06
0.0365307 139.886 -1845.32 20157.1 719993
0.0414174 131.434 -1596.74 15498.4 486092
0.0469578 123.146 -1380.24 11922.4 328324
0.0532393 115.027 -1191.6 9176.24 221888
0.0603611 107.087 -1027.13 7065.57 150084
0.0684355 99.3329 -883.675 5441.57 101648
0.0775901 91.7773 -758.488 4190.33 68969.7
0.0879693 84.4333 -649.214 3224.76 46911.7
0.0997368 77.3166 -553.831 2478.4 32005.6
0.113079 70.4447 -470.607 1900.6 21913
0.128205 63.8368 -398.067 1452.74 15059.3
0.145355 57.5133 -334.951 1105.44 10386.2
0.164799 51.4948 -280.183 836.284 7183.43
0.186844 45.8015 -232.838 628.163 4975.33
0.211838 40.4521 -192.113 467.91 3443.87
0.240175 35.4622 -157.298 345.307 2376.41
0.272303 30.8438 -127.751 252.319 1630.34
0.308729 26.6039 -102.88 182.533 1109.3
0.350027 22.7446 -82.1272 130.771 747.188
0.39685 19.2626 -64.9666 92.8289 497.801
0.449937 16.1498 -50.9021 65.3133 328.149
0.510124 13.3943 -39.4738 45.532 214.308
0.578363 10.9807 -30.2659 31.402 138.902
0.65573 8.89144 -22.9127 21.3635 89.4524
0.743447 7.10637 -17.1 14.2806 57.2174
0.842897 5.60329 -12.5619 9.33952 36.2608
0.955651 4.35761 -9.07277 5.95481 22.669
1.08349 3.34245 -6.43891 3.69484 13.9079
1.22842 2.52917 -4.49139 2.23267 8.33531
1.39275 1.8884 -3.08239 1.31843 4.86642
1.57906 1.39136 -2.08438 0.765083 2.76708
1.79029 1.01129 -1.39078 0.438902 1.53591
2.02977 0.72449 -0.91629 0.249865 0.835672
2.30129 0.510847 -0.595777 0.141086 0.447721
2.60913 0.353874 -0.381625 0.0785728 0.236997
2.95816 0.240326 -0.240168 0.0427664 0.124062
3.35387 0.159673 -0.148043 0.022523 0.0641058
3.80251 0.103577 -0.0891232 0.0113758 0.0325725
4.31117 0.0654739 -0.0522676 0.00546885 0.0161997
4.88787 0.0402571 -0.0297964 0.00248308 0.00785257
5.54172 0.0240314 -0.0164781 0.00105312 0.00369675
6.28303 0.0139007 -0.00882212 0.000409224 0.00168526
7.1235 0.00777561 -0.00456284 0.000140035 0.000742038
8.07641 0.00419687 -0.00227458 3.80059e-05 0.000314777
9.15678 0.00218077 -0.00109023 4.71056e-06 0.000128312
10.3817 0.00108823 -0.000501147 -3.30261e-06 5.01227e-05
11.7704 0.000520138 -0.000220317 -3.55371e-06 1.87088e-05
13.3449 0.000237463 -9.23635e-05 -2.25341e-06 6.65233e-06
15.1301 0.000103244 -3.68112e-05 -1.15891e-06 2.24598e-06
17.154 4.26138e-05 -1.39015e-05 -5.20893e-07 7.1755e-07
19.4487 1.66415e-05 -4.95717e-06 -4.95251e-08 1.54311e-07
22.0503 6.12681e-06 -2.0815e-06 3.52024e-08 7.11159e-08
25 2.11846e-06 0 0 0
