0.0001 112.499 -144904 5.6628e+08 2.8322e+12
0.000113377 110.669 -128234 4.70224e+08 1.92813e+12
0.000128543 108.839 -112640 3.14213e+08 2.82294e+12
0.000145738 107.009 -99330.4 2.4443e+08 1.93699e+12
0.000165234 105.18 -87591.4 1.90143e+08 1.32908e+12
0.000187337 103.351 -77237.9 1.47912e+08 9.11964e+11
0.000212397 101.523 -68106.4 1.1506e+08 6.25753e+11
0.000240809 99.6948 -60052.8 8.95031e+07 4.29366e+11
0.000273022 97.8675 -52949.9 6.96223e+07 2.94614e+11
0.000309544 96.0409 -46685.5 5.41569e+07 2.02152e+11
0.000350951 94.215 -41160.7 4.21263e+07 1.38708e+11
0.000397897 92.3899 -36288.2 3.27678e+07 9.51757e+10
0.000451124 90.5656 -31991.1 2.54878e+07 6.53055e+10
0.00051147 88.7422 -28201.4 1.98248e+07 4.48097e+10
0.000579889 86.9198 -24859.4 1.54198e+07 3.07464e+10
0.000657461 85.0986 -21912.1 1.19932e+07 2.10968e+10
0.000745409 83.2786 -19313 9.32783e+06 1.44756e+10
0.000845121 81.4599 -17021 7.25459e+06 9.93241e+09
0.000958172 79.6427 -14999.9 5.64198e+06 6.81509e+09
0.00108635 77.8272 -13217.7 4.38766e+06 4.67613e+09
0.00123167 76.0134 -11646.2 3.41206e+06 3.20847e+09
0.00139642 74.2016 -10260.6 2.65327e+06 2.20144e+09
0.00158322 72.3918 -9038.89 2.06311e+06 1.51047e+09
0.00179501 70.5844 -7961.77 1.60414e+06 1.03636e+09
0.00203513 68.7795 -7012.15 1.24719e+06 7.11053e+08
0.00230736 66.9773 -6174.99 969611 4.87849e+08
0.00261602 65.1781 -5437.01 753757 3.34703e+08
0.00296596 63.3821 -4786.5 585912 2.29625e+08
0.00336272 61.5896 -4213.14 455406 1.57531e+08
0.00381254 59.8009 -3707.8 353940 1.08067e+08
0.00432254 58.0163 -3262.46 275058 7.41301e+07
0.00490077 56.2362 -2870.02 213738 5.08476e+07
0.00555634 54.4608 -2524.22 166073 3.48749e+07
0.00629961 52.6908 -2219.54 129028 2.39175e+07
0.0071423 50.9263 -1951.13 100238 1.64011e+07
0.00809772 49.168 -1714.67 77867.4 1.12455e+07
0.00918094 47.4162 -1506.39 60485.6 7.70952e+06
0.0104091 45.6717 -1322.94 46982 5.28458e+06
0.0118015 43.935 -1161.37 36492.4 3.62183e+06
0.0133802 42.2068 -1019.07 28344.7 2.48186e+06
0.01517 40.4878 -893.749 22016.5 1.70046e+06
0.0171993 38.779 -783.386 17101.6 1.16496e+06
0.0195 37.0814 -686.194 13284.5 798052
0.0221085 35.396 -600.598 10319.5 546723
0.025066 33.7242 -525.214 8016.27 374604
0.028419 32.0673 -458.821 6226.56 256755
0.0322206 30.4272 -400.347 4835.45 176072
0.0365307 28.8056 -348.852 3753.73 120834
0.0414174 27.2046 -303.509 2912.23 83006.5
0.0469578 25.6265 -263.595 2257.33 57087.2
0.0532393 24.074 -228.479 1747.51 39310.9
0.0603611 22.5496 -197.606 1350.6 27102.5
0.0684355 21.0564 -170.495 1041.73 18703
0.0775901 19.5972 -146.719 801.601 12912.1
0.0879693 18.1752 -125.906 615.214 8911.39
0.0997368 16.7933 -107.725 470.887 6142.93
0.113079 15.4545 -91.8799 359.459 4225.79
0.128205 14.1615 -78.1046 273.714 2899.06
0.145355 12.9172 -66.1583 207.944 1983.04
0.164799 11.724 -55.8226 157.624 1352.97
0.186844 10.5845 -46.9004 119.186 921.599
0.211838 9.50111 -39.2153 89.8366 627.563
0.240175 8.47627 -32.6121 67.4211 427.706
0.272303 7.51228 -26.9554 50.3013 291.885
0.308729 6.61126 -22.129 37.2461 199.323
0.350027 5.77493 -18.0327 27.3324 135.936
0.39685 5.00447 -14.5791 19.8597 92.3228
0.449937 4.30029 -11.69 14.2851 62.2522
0.510124 3.66202 -9.2939 10.1772 41.5703
0.578363 3.08842 -7.32422 7.18768 27.4563
0.65573 2.5775 -5.71901 5.03649 17.9393
0.743447 2.12671 -4.42136 3.50146 11.6134
0.842897 1.73306 -3.38033 2.41189 7.4664
0.955651 1.39328 -2.55166 1.64101 4.77661
1.08349 1.10388 -1.89792 1.09776 3.04209
1.22842 0.861122 -1.388 0.718085 1.92482
1.39275 0.66097 -0.996069 0.456907 1.20453
1.57906 0.499044 -0.70039 0.281646 0.740993
1.79029 0.370651 -0.482222 0.16787 0.445317
2.02977 0.270911 -0.325196 0.0968331 0.260154
2.30129 0.19496 -0.215073 0.0542744 0.147348
2.60913 0.138193 -0.139767 0.0297569 0.0809222
2.95816 0.096477 -0.0894221 0.0160821 0.0432152
3.35387 0.0662878 -0.0563936 0.00861591 0.0225473
3.80251 0.0447574 -0.0350476 0.00457663 0.0115523
4.31117 0.0296346 -0.0214249 0.00239389 0.00583424
4.88787 0.0191941 -0.0128426 0.00121789 0.00290731
5.54172 0.0121303 -0.00752124 0.000593948 0.0014266
6.28303 0.00746231 -0.00428871 0.000273754 0.000686359
7.1235 0.00445864 -0.00237401 0.000117533 0.000322121
8.07641 0.00258187 -0.00127253 4.60936e-05 0.000146771
9.15678 0.00144594 -0.000659 1.5904e-05 6.46697e-05
10.3817 0.000781447 -0.000328954 4.37218e-06 2.74661e-05
11.7704 0.00040661 -0.000157895 5.78034e-07 1.12117e-05
13.3449 0.000203199 -7.2689e-05 -3.50909e-07 4.38637e-06
15.1301 9.72732e-05 -3.20072e-05 -3.92162e-07 1.63995e-06
17.154 4.44824e-05 -1.34414e-05 -2.51204e-07 5.84139e-07
19.4487 1.9374e-05 -5.3668e-06 2.98618e-08 1.36173e-07
22.0503 8.01159e-06 -2.44635e-06 7.76525e-08 6.48247e-08
25 3.13492e-06 0 0 0
