0.0001 1264.92 -1.99992e+06 7.91544e+09 3.9861e+13
0.000113377 1239.68 -1.76675e+06 6.57004e+09 2.71315e+13
0.000128543 1214.49 -1.54874e+06 4.381e+09 3.97051e+13
0.000145738 1189.36 -1.36286e+06 3.40414e+09 2.72392e+13
0.000165234 1164.29 -1.19907e+06 2.64475e+09 1.86865e+13
0.000187337 1139.28 -1.05477e+06 2.05448e+09 1.28187e+13
0.000212397 1114.34 -927649 1.5957e+09 8.79304e+12
0.000240809 1089.47 -815680 1.23917e+09 6.03128e+12
0.000273022 1064.68 -717070 9.62136e+08 4.13667e+12
0.000309544 1039.98 -630239 7.46894e+08 2.837e+12
0.000350951 1015.36 -553792 5.79689e+08 1.94549e+12
0.000397897 990.844 -486500 4.49821e+08 1.334e+12
0.000451124 966.425 -427278 3.4897e+08 9.14602e+11
0.00051147 942.112 -375167 2.70667e+08 6.26976e+11
0.000579889 917.912 -329325 2.09884e+08 4.2974e+11
0.000657461 893.829 -289005 1.6271e+08 2.94502e+11
0.000745409 869.87 -253552 1.26107e+08 2.01786e+11
0.000845121 846.042 -222384 9.7713e+07 1.3823e+11
0.000958172 822.35 -194991 7.56925e+07 9.46715e+10
0.00108635 798.8 -170921 5.86194e+07 6.48231e+10
0.00123167 775.399 -149777 4.53857e+07 4.43738e+10
0.00139642 752.152 -131208 3.5131e+07 3.03671e+10
0.00158322 729.066 -114905 2.71868e+07 2.07756e+10
0.00179501 706.148 -100593 2.10342e+07 1.42093e+10
0.00203513 683.403 -88034.4 1.62705e+07 9.71529e+09
0.00230736 660.839 -77015.4 1.25832e+07 6.64055e+09
0.00261602 638.462 -67349.7 9.72981e+06 4.53751e+09
0.00296596 616.279 -58873 7.52219e+06 3.09955e+09
0.00336272 594.299 -51440.3 5.8146e+06 2.11668e+09
0.00381254 572.528 -44924.3 4.49404e+06 1.44509e+09
0.00432254 550.978 -39212.8 3.47296e+06 9.8635e+08
0.00490077 529.656 -34207.1 2.68356e+06 6.73094e+08
0.00555634 508.573 -29820.8 2.07335e+06 4.59247e+08
0.00629961 487.743 -25977.5 1.60169e+06 3.13303e+08
0.0071423 467.177 -22610.6 1.23715e+06 2.13725e+08
0.00809772 446.89 -19661.3 955410 1.45796e+08
0.00918094 426.898 -17078.3 737660 9.9466e+07
0.0104091 407.221 -14816.3 569360 6.78715e+07
0.0118015 387.878 -12836 439272 4.63277e+07
0.0133802 368.891 -11102.7 338706 3.16377e+07
0.01517 350.285 -9586.12 260952 2.16203e+07
0.0171993 332.088 -8259.94 200823 1.47879e+07
0.0195 314.327 -7101.03 154316 1.01259e+07
0.0221085 297.033 -6089.26 118343 6.94259e+06
0.025066 280.239 -5207.11 90519.7 4.76665e+06
0.028419 263.977 -4439.3 69010.2 3.27698e+06
0.0322206 248.278 -3772.53 52398.6 2.25506e+06
0.0365307 233.172 -3195.16 39593.5 1.55228e+06
0.0414174 218.685 -2697 29751.8 1.06767e+06
0.0469578 204.837 -2269 22220.5 732686
0.0532393 191.643 -1903.12 16490.6 500771
0.0603611 179.107 -1592.04 12163 340224
0.0684355 167.224 -1329.07 8921.99 229361
0.0775901 155.98 -1108.06 6516.79 153216
0.0879693 145.353 -923.261 4747.47 101353
0.0997368 135.311 -769.424 3455.74 66405.2
0.113079 125.819 -641.752 2517.65 43140.7
0.128205 116.837 -535.973 1838.18 27839.2
0.145355 108.326 -448.36 1346.04 17880.8
0.164799 100.248 -375.735 988.932 11451.2
0.186844 92.5684 -315.437 729.213 7320.84
0.211838 85.2542 -265.266 539.937 4674.72
0.240175 78.2772 -223.403 401.766 2982.28
0.272303 71.6133 -188.352 300.687 1901.81
0.308729 65.2433 -158.877 226.46 1213.92
0.350027 59.1537 -133.961 171.597 777.471
0.39685 53.3373 -112.778 130.659 501.403
0.449937 47.7936 -94.6661 99.7466 326.971
0.510124 42.5285 -79.1056 76.1046 216.433
0.578363 37.5536 -65.6956 57.8151 145.75
0.65573 32.8844 -54.1323 43.5556 99.7984
0.743447 28.5386 -44.1877 32.4146 69.2104
0.842897 24.5328 -35.6868 23.752 48.2843
0.955651 20.8802 -28.489 17.0973 33.6038
1.08349 17.5879 -22.4702 12.0792 23.1369
1.22842 14.6553 -17.5107 8.38347 15.6513
1.39275 12.0737 -13.4875 5.73145 10.3571
1.57906 9.82676 -10.2734 3.87555 6.69704
1.79029 7.89275 -7.73974 2.60242 4.24163
2.02977 6.24671 -5.76344 1.73861 2.64604
2.30129 4.86296 -4.23408 1.15282 1.63741
2.60913 3.71655 -3.05879 0.752903 1.01098
2.95816 2.78367 -2.16377 0.478645 0.623534
3.35387 2.04102 -1.49205 0.292228 0.382043
3.80251 1.46494 -0.999147 0.169249 0.229936
4.31117 1.03077 -0.64849 0.0922035 0.134121
4.88787 0.713175 -0.408323 0.0471514 0.0749462
5.54172 0.487302 -0.250542 0.0228132 0.0398543
6.28303 0.330345 -0.151014 0.0106801 0.0201692
7.1235 0.222941 -0.0903186 0.00503058 0.00978541
8.07641 0.149911 -0.054075 0.00249227 0.00461372
9.15678 0.100216 -0.0325344 0.00132556 0.00214911
10.3817 0.0663038 -0.0196136 0.000739212 0.00100352
11.7704 0.0431788 -0.0117543 0.000411008 0.000473613
13.3449 0.0275391 -0.00693755 0.00021782 0.000225735
15.1301 0.0171329 -0.0040018 0.000107242 0.000107673
17.154 0.0103655 -0.00224451 4.8509e-05 5.07547e-05
19.4487 0.00608374 -0.00122013 4.32461e-05 1.44421e-05
22.0503 0.00345643 -0.000701852 3.58179e-05 7.75297e-06
25 0.00189681 0 0 0
