0.0001 591.164 -860072 3.37839e+09 1.69277e+13
0.000113377 580.304 -760600 2.80501e+09 1.15238e+13
0.000128543 569.454 -667564 1.87331e+09 1.68698e+13
0.000145738 558.614 -588177 1.45681e+09 1.15751e+13
0.000165234 547.787 -518177 1.13286e+09 7.94215e+12
0.000187337 536.973 -456457 8.80902e+08 5.4494e+12
0.000212397 526.173 -402040 6.84944e+08 3.739e+12
0.000240809 515.389 -354064 5.32545e+08 2.56542e+12
0.000273022 504.622 -311768 4.14027e+08 1.76017e+12
0.000309544 493.874 -274482 3.21861e+08 1.20766e+12
0.000350951 483.146 -241616 2.50192e+08 8.28565e+11
0.000397897 472.44 -212646 1.94464e+08 5.68459e+11
0.000451124 461.758 -187113 1.51134e+08 3.89995e+11
0.00051147 451.103 -164612 1.17447e+08 2.67551e+11
0.000579889 440.475 -144783 9.12584e+07 1.83542e+11
0.000657461 429.879 -127312 7.09008e+07 1.25906e+11
0.000745409 419.316 -111919 5.50774e+07 8.63643e+10
0.000845121 408.79 -98359.3 4.27795e+07 5.92374e+10
0.000958172 398.303 -86415.5 3.32227e+07 4.06284e+10
0.00108635 387.858 -75896.5 2.57969e+07 2.78633e+10
0.00123167 377.459 -66633.6 2.00276e+07 1.91074e+10
0.00139642 367.109 -58478.2 1.55458e+07 1.3102e+10
0.00158322 356.814 -51298.8 1.20647e+07 8.98345e+09
0.00179501 346.576 -44979.7 9.36107e+06 6.15918e+09
0.00203513 336.4 -39418.8 7.26161e+06 4.22266e+09
0.00230736 326.292 -34526.2 5.63146e+06 2.895e+09
0.00261602 316.257 -30222.4 4.36583e+06 1.98485e+09
0.00296596 306.301 -26437.7 3.3833e+06 1.36098e+09
0.00336272 296.429 -23110.3 2.62061e+06 9.33356e+08
0.00381254 286.649 -20186.1 2.02861e+06 6.40244e+08
0.00432254 276.967 -17617.3 1.56915e+06 4.39311e+08
0.00490077 267.389 -15362 1.21264e+06 3.01534e+08
0.00555634 257.925 -13383.3 936075 2.07025e+08
0.00629961 248.579 -11648.7 721643 1.42162e+08
0.0071423 239.361 -10129.6 555509 9.76145e+07
0.00809772 230.275 -8800.76 426937 6.69976e+07
0.00918094 221.328 -7639.99 327581 4.59419e+07
0.0104091 212.524 -6627.48 250948 3.14571e+07
0.0118015 203.867 -5745.67 191973 2.1495e+07
0.0133802 195.36 -4978.83 146696 1.46506e+07
0.01517 187.002 -4312.9 112018 9.95733e+06
0.0171993 178.795 -3735.25 85512 6.7484e+06
0.0195 170.736 -3234.61 65281.8 4.5619e+06
0.0221085 162.824 -2800.91 49852.9 3.07767e+06
0.025066 155.056 -2425.28 38086.8 2.07353e+06
0.028419 147.43 -2099.93 29110.4 1.39596e+06
0.0322206 139.944 -1818.07 22258.4 939487
0.0365307 132.597 -1573.84 17026 632165
0.0414174 125.386 -1362.15 13029.7 425277
0.0469578 118.312 -1178.61 9977.63 285994
0.0532393 111.373 -1019.41 7646.88 192244
0.0603611 104.57 -881.235 5866.67 129179
0.0684355 97.9054 -761.229 4506.21 86793.5
0.0775901 91.3809 -656.902 3465.47 58336.3
0.0879693 85.0014 -566.112 2668.12 39248.8
0.0997368 78.773 -487.012 2056 26454.4
0.113079 72.7042 -418.024 1584.96 17879.4
0.128205 66.8056 -357.802 1221.48 12128.4
0.145355 61.0897 -305.204 940.221 8264.83
0.164799 55.5716 -259.267 722.01 5661.22
0.186844 50.2676 -219.179 552.384 3898.47
0.211838 45.1954 -184.261 420.419 2697.45
0.240175 40.3729 -153.936 317.845 1872.83
0.272303 35.8174 -127.713 238.363 1301.93
0.308729 31.5446 -105.165 177.119 903.641
0.350027 27.5672 -85.912 130.314 624.249
0.39685 23.8943 -69.6029 94.9161 427.924
0.449937 20.5308 -55.9075 68.4648 290.419
0.510124 17.4772 -44.5099 48.9424 194.88
0.578363 14.7298 -35.1079 34.6948 129.323
0.65573 12.2811 -27.4172 24.3905 84.9897
0.743447 10.1212 -21.1765 16.9831 55.4374
0.842897 8.2377 -16.1537 11.6796 35.9617
0.955651 6.61635 -12.1482 7.89967 23.2099
1.08349 5.24095 -8.9906 5.22868 14.8746
1.22842 4.093 -6.53754 3.37092 9.42336
1.39275 3.15155 -4.66632 2.11013 5.86606
1.57906 2.39337 -3.26921 1.28178 3.5667
1.79029 1.79362 -2.2503 0.75753 2.10893
2.02977 1.32712 -1.5246 0.43813 1.21058
2.30129 0.969688 -1.01894 0.249957 0.675587
2.60913 0.699413 -0.672973 0.141721 0.368072
2.95816 0.497444 -0.439534 0.0801471 0.196904
3.35387 0.348267 -0.283607 0.0450893 0.104006
3.80251 0.239496 -0.180345 0.0250164 0.0544332
4.31117 0.161398 -0.112645 0.0135288 0.0282327
4.88787 0.10635 -0.0688713 0.00705188 0.0144686
5.54172 0.0683782 -0.0410929 0.00351147 0.00729046
6.28303 0.0428153 -0.0238675 0.00165827 0.00359308
7.1235 0.0260599 -0.0134656 0.000736676 0.00172428
8.07641 0.0153893 -0.00736454 0.000303934 0.000802872
9.15678 0.00880007 -0.00389646 0.000113675 0.000361687
10.3817 0.00486257 -0.00198999 3.65377e-05 0.000157237
11.7704 0.00259058 -0.000978755 8.56014e-06 6.57965e-05
13.3449 0.00132757 -0.000462448 1.12661e-07 2.64321e-05
15.1301 0.000652755 -0.000209349 -1.51294e-06 1.01656e-05
17.154 0.000307128 -9.05486e-05 -1.24411e-06 3.73182e-06
19.4487 0.000137887 -3.7308e-05 3.55732e-07 8.89176e-07
22.0503 5.88911e-05 -1.74018e-05 6.10924e-07 4.27574e-07
25 2.38502e-05 0 0 0
