0.01 591.164 
0.02 471.991 
0.03 403.529 
0.04 355.952 
0.05 319.875 
0.06 291.106 
0.07 267.401 
0.08 247.411 
0.09 230.255 
0.1 215.32 
0.11 202.163 
0.12 190.452 
0.13 179.934 
0.14 170.411 
0.15 161.729 
0.16 153.765 
0.17 146.421 
0.18 139.617 
0.19 133.285 
0.2 127.373 
0.21 121.833 
0.22 116.628 
0.23 111.723 
0.24 107.091 
0.25 102.708 
0.26 98.5514 
0.27 94.6034 
0.28 90.8477 
0.29 87.27 
0.3 83.8577 
0.31 80.5996 
0.32 77.4857 
0.33 74.507 
0.34 71.6554 
0.35 68.9238 
0.36 66.3054 
0.37 63.7943 
0.38 61.385 
0.39 59.0724 
0.4 56.8518 
0.41 54.719 
0.42 52.6699 
0.43 50.7008 
0.44 48.8082 
0.45 46.9889 
0.46 45.2396 
0.47 43.5577 
0.48 41.9402 
0.49 40.3846 
0.5 38.8883 
0.51 37.4491 
0.52 36.0646 
0.53 34.7327 
0.54 33.4513 
0.55 32.2185 
0.56 31.0323 
0.57 29.8909 
0.58 28.7926 
0.59 27.7357 
0.6 26.7186 
0.61 25.7397 
0.62 24.7976 
0.63 23.8908 
0.64 23.0179 
0.65 22.1776 
0.66 21.3687 
0.67 20.5898 
0.68 19.84 
0.69 19.1179 
0.7 18.4226 
0.71 17.753 
0.72 17.1081 
0.73 16.4869 
0.74 15.8886 
0.75 15.3123 
0.76 14.7571 
0.77 14.2222 
0.78 13.7068 
0.79 13.2103 
0.8 12.7318 
0.81 12.2708 
0.82 11.8265 
0.83 11.3984 
0.84 10.9858 
0.85 10.5881 
0.86 10.2049 
0.87 9.83555 
0.88 9.47958 
0.89 9.1365 
0.9 8.80585 
0.91 8.48717 
0.92 8.18004 
0.93 7.88403 
0.94 7.59875 
0.95 7.32382 
0.96 7.05887 
0.97 6.80354 
0.98 6.55749 
0.99 6.32039 
1 6.09193 
1.01 5.87179 
1.02 5.65969 
1.03 5.45533 
1.04 5.25844 
1.05 5.06877 
1.06 4.88604 
1.07 4.71001 
1.08 4.54045 
1.09 4.37713 
1.1 4.21981 
1.11 4.06829 
1.12 3.92235 
1.13 3.7818 
1.14 3.64644 
1.15 3.51609 
1.16 3.39055 
1.17 3.26966 
1.18 3.15325 
1.19 3.04115 
1.2 2.9332 
1.21 2.82925 
1.22 2.72915 
1.23 2.63277 
1.24 2.53995 
1.25 2.45058 
1.26 2.36451 
1.27 2.28163 
1.28 2.20182 
1.29 2.12496 
1.3 2.05094 
1.31 1.97965 
1.32 1.91099 
1.33 1.84486 
1.34 1.78117 
1.35 1.71981 
1.36 1.6607 
1.37 1.60376 
1.38 1.54891 
1.39 1.49605 
1.4 1.44512 
1.41 1.39605 
1.42 1.34875 
1.43 1.30317 
1.44 1.25923 
1.45 1.21688 
1.46 1.17605 
1.47 1.13669 
1.48 1.09874 
1.49 1.06214 
1.5 1.02684 
1.51 0.992801 
1.52 0.959964 
1.53 0.928287 
1.54 0.897725 
1.55 0.868237 
1.56 0.839781 
1.57 0.812318 
1.58 0.785812 
1.59 0.760225 
1.6 0.735524 
1.61 0.711676 
1.62 0.688647 
1.63 0.666409 
1.64 0.644931 
1.65 0.624185 
1.66 0.604145 
1.67 0.584784 
1.68 0.566077 
1.69 0.548001 
1.7 0.530532 
1.71 0.513649 
1.72 0.49733 
1.73 0.481555 
1.74 0.466304 
1.75 0.451559 
1.76 0.437301 
1.77 0.423513 
1.78 0.410178 
1.79 0.397282 
1.8 0.384807 
1.81 0.372739 
1.82 0.361065 
1.83 0.34977 
1.84 0.338841 
1.85 0.328266 
1.86 0.318032 
1.87 0.308128 
1.88 0.298543 
1.89 0.289265 
1.9 0.280284 
1.91 0.27159 
1.92 0.263174 
1.93 0.255026 
1.94 0.247136 
1.95 0.239498 
1.96 0.232101 
1.97 0.224939 
1.98 0.218002 
1.99 0.211285 
2 0.204779 
