0.01 112.499 
0.02 92.3133 
0.03 80.5491 
0.04 72.24 
0.05 65.8278 
0.06 60.6177 
0.07 56.2384 
0.08 52.4682 
0.09 49.164 
0.1 46.228 
0.11 43.5904 
0.12 41.1999 
0.13 39.0173 
0.14 37.0125 
0.15 35.1614 
0.16 33.4449 
0.17 31.8471 
0.18 30.3551 
0.19 28.9579 
0.2 27.6464 
0.21 26.4127 
0.22 25.25 
0.23 24.1524 
0.24 23.1146 
0.25 22.1322 
0.26 21.201 
0.27 20.3175 
0.28 19.4782 
0.29 18.6802 
0.3 17.9209 
0.31 17.1978 
0.32 16.5086 
0.33 15.8513 
0.34 15.224 
0.35 14.6248 
0.36 14.0523 
0.37 13.5049 
0.38 12.9813 
0.39 12.4801 
0.4 12.0001 
0.41 11.5404 
0.42 11.0997 
0.43 10.6773 
0.44 10.2722 
0.45 9.88351 
0.46 9.51054 
0.47 9.15254 
0.48 8.80883 
0.49 8.47875 
0.5 8.16171 
0.51 7.85714 
0.52 7.5645 
0.53 7.28327 
0.54 7.01299 
0.55 6.75318 
0.56 6.50342 
0.57 6.26329 
0.58 6.03238 
0.59 5.81034 
0.6 5.59679 
0.61 5.39138 
0.62 5.1938 
0.63 5.00373 
0.64 4.82086 
0.65 4.6449 
0.66 4.47558 
0.67 4.31264 
0.68 4.1558 
0.69 4.00485 
0.7 3.85953 
0.71 3.71962 
0.72 3.58492 
0.73 3.45521 
0.74 3.3303 
0.75 3.20999 
0.76 3.09412 
0.77 2.9825 
0.78 2.87497 
0.79 2.77136 
0.8 2.67154 
0.81 2.57534 
0.82 2.48264 
0.83 2.3933 
0.84 2.30719 
0.85 2.22419 
0.86 2.14418 
0.87 2.06705 
0.88 1.99269 
0.89 1.92101 
0.9 1.85189 
0.91 1.78525 
0.92 1.72099 
0.93 1.65903 
0.94 1.59929 
0.95 1.54168 
0.96 1.48613 
0.97 1.43257 
0.98 1.38092 
0.99 1.33111 
1 1.28309 
1.01 1.23678 
1.02 1.19213 
1.03 1.14908 
1.04 1.10757 
1.05 1.06755 
1.06 1.02896 
1.07 0.991762 
1.08 0.9559 
1.09 0.921329 
1.1 0.888004 
1.11 0.855881 
1.12 0.824918 
1.13 0.795075 
1.14 0.766312 
1.15 0.738593 
1.16 0.711879 
1.17 0.686137 
1.18 0.661331 
1.19 0.637429 
1.2 0.614399 
1.21 0.59221 
1.22 0.570832 
1.23 0.550237 
1.24 0.530396 
1.25 0.511283 
1.26 0.492871 
1.27 0.475136 
1.28 0.458053 
1.29 0.441599 
1.3 0.42575 
1.31 0.410485 
1.32 0.395783 
1.33 0.381623 
1.34 0.367986 
1.35 0.354852 
1.36 0.342202 
1.37 0.330019 
1.38 0.318286 
1.39 0.306986 
1.4 0.296103 
1.41 0.285622 
1.42 0.275526 
1.43 0.265804 
1.44 0.256439 
1.45 0.247419 
1.46 0.238731 
1.47 0.230362 
1.48 0.222301 
1.49 0.214535 
1.5 0.207055 
1.51 0.199848 
1.52 0.192905 
1.53 0.186215 
1.54 0.179769 
1.55 0.173559 
1.56 0.167574 
1.57 0.161806 
1.58 0.156248 
1.59 0.15089 
1.6 0.145727 
1.61 0.140749 
1.62 0.135951 
1.63 0.131325 
1.64 0.126865 
1.65 0.122565 
1.66 0.118418 
1.67 0.114419 
1.68 0.110562 
1.69 0.106842 
1.7 0.103254 
1.71 0.099793 
1.72 0.0964537 
1.73 0.0932318 
1.74 0.0901231 
1.75 0.0871232 
1.76 0.0842281 
1.77 0.0814339 
1.78 0.0787369 
1.79 0.0761335 
1.8 0.0736202 
1.81 0.0711937 
1.82 0.0688509 
1.83 0.0665885 
1.84 0.0644038 
1.85 0.0622939 
1.86 0.060256 
1.87 0.0582876 
1.88 0.056386 
1.89 0.054549 
1.9 0.0527742 
1.91 0.0510594 
1.92 0.0494023 
1.93 0.047801 
1.94 0.0462535 
1.95 0.0447578 
1.96 0.0433121 
1.97 0.0419147 
1.98 0.0405638 
1.99 0.0392578 
2 0.0379952 
