0.01 749.213 
0.02 590.65 
0.03 500.101 
0.04 437.447 
0.05 390.082 
0.06 352.392 
0.07 321.378 
0.08 295.234 
0.09 272.779 
0.1 253.195 
0.11 235.894 
0.12 220.443 
0.13 206.517 
0.14 193.87 
0.15 182.309 
0.16 171.686 
0.17 161.88 
0.18 152.794 
0.19 144.347 
0.2 136.472 
0.21 129.112 
0.22 122.219 
0.23 115.752 
0.24 109.675 
0.25 103.956 
0.26 98.5683 
0.27 93.4867 
0.28 88.6899 
0.29 84.1584 
0.3 79.8748 
0.31 75.8233 
0.32 71.9893 
0.33 68.3598 
0.34 64.9227 
0.35 61.6667 
0.36 58.5815 
0.37 55.6575 
0.38 52.8857 
0.39 50.2576 
0.4 47.7656 
0.41 45.402 
0.42 43.1601 
0.43 41.0333 
0.44 39.0153 
0.45 37.1004 
0.46 35.283 
0.47 33.558 
0.48 31.9205 
0.49 30.3657 
0.5 28.8894 
0.51 27.4873 
0.52 26.1555 
0.53 24.8903 
0.54 23.6883 
0.55 22.546 
0.56 21.4604 
0.57 20.4286 
0.58 19.4476 
0.59 18.515 
0.6 17.6282 
0.61 16.7848 
0.62 15.9827 
0.63 15.2198 
0.64 14.494 
0.65 13.8035 
0.66 13.1466 
0.67 12.5215 
0.68 11.9267 
0.69 11.3607 
0.7 10.8221 
0.71 10.3096 
0.72 9.82174 
0.73 9.35748 
0.74 8.91563 
0.75 8.49511 
0.76 8.09488 
0.77 7.71396 
0.78 7.35141 
0.79 7.00636 
0.8 6.67795 
0.81 6.36539 
0.82 6.06791 
0.83 5.78478 
0.84 5.5153 
0.85 5.25882 
0.86 5.0147 
0.87 4.78235 
0.88 4.5612 
0.89 4.35069 
0.9 4.15031 
0.91 3.95957 
0.92 3.77799 
0.93 3.60512 
0.94 3.44054 
0.95 3.28384 
0.96 3.13463 
0.97 2.99255 
0.98 2.85724 
0.99 2.72836 
1 2.60561 
1.01 2.48867 
1.02 2.37726 
1.03 2.27111 
1.04 2.16996 
1.05 2.07355 
1.06 1.98166 
1.07 1.89407 
1.08 1.81055 
1.09 1.73091 
1.1 1.65497 
1.11 1.58253 
1.12 1.51343 
1.13 1.4475 
1.14 1.38458 
1.15 1.32454 
1.16 1.26724 
1.17 1.21253 
1.18 1.16029 
1.19 1.11041 
1.2 1.06277 
1.21 1.01727 
1.22 0.973797 
1.23 0.932262 
1.24 0.892571 
1.25 0.854637 
1.26 0.818379 
1.27 0.783716 
1.28 0.750576 
1.29 0.718886 
1.3 0.688581 
1.31 0.659596 
1.32 0.631869 
1.33 0.605345 
1.34 0.579968 
1.35 0.555685 
1.36 0.532447 
1.37 0.510208 
1.38 0.488922 
1.39 0.468546 
1.4 0.44904 
1.41 0.430365 
1.42 0.412484 
1.43 0.395362 
1.44 0.378966 
1.45 0.363264 
1.46 0.348225 
1.47 0.33382 
1.48 0.320023 
1.49 0.306805 
1.5 0.294143 
1.51 0.282012 
1.52 0.27039 
1.53 0.259253 
1.54 0.248583 
1.55 0.238358 
1.56 0.228559 
1.57 0.219169 
1.58 0.21017 
1.59 0.201545 
1.6 0.193278 
1.61 0.185355 
1.62 0.17776 
1.63 0.170481 
1.64 0.163502 
1.65 0.156813 
1.66 0.1504 
1.67 0.144252 
1.68 0.138359 
1.69 0.132708 
1.7 0.127291 
1.71 0.122096 
1.72 0.117116 
1.73 0.112341 
1.74 0.107763 
1.75 0.103372 
1.76 0.0991626 
1.77 0.0951258 
1.78 0.0912548 
1.79 0.0875426 
1.8 0.0839828 
1.81 0.0805689 
1.82 0.0772949 
1.83 0.0741551 
1.84 0.0711438 
1.85 0.0682558 
1.86 0.0654859 
1.87 0.0628293 
1.88 0.0602813 
1.89 0.0578375 
1.9 0.0554934 
1.91 0.0532451 
1.92 0.0510885 
1.93 0.0490199 
1.94 0.0470356 
1.95 0.0451323 
1.96 0.0433065 
1.97 0.0415551 
1.98 0.039875 
1.99 0.0382633 
2 0.0367171 
