0.01 1348.53 
0.02 1054.1 
0.03 887.786 
0.04 773.475 
0.05 687.342 
0.06 618.858 
0.07 562.467 
0.08 514.886 
0.09 474.02 
0.1 438.446 
0.11 407.159 
0.12 379.416 
0.13 354.655 
0.14 332.437 
0.15 312.41 
0.16 294.291 
0.17 277.841 
0.18 262.862 
0.19 249.183 
0.2 236.656 
0.21 225.155 
0.22 214.567 
0.23 204.793 
0.24 195.747 
0.25 187.353 
0.26 179.542 
0.27 172.255 
0.28 165.439 
0.29 159.047 
0.3 153.039 
0.31 147.378 
0.32 142.032 
0.33 136.973 
0.34 132.175 
0.35 127.618 
0.36 123.28 
0.37 119.145 
0.38 115.196 
0.39 111.421 
0.4 107.806 
0.41 104.341 
0.42 101.015 
0.43 97.8197 
0.44 94.7461 
0.45 91.7873 
0.46 88.9363 
0.47 86.1872 
0.48 83.5343 
0.49 80.9725 
0.5 78.4972 
0.51 76.1041 
0.52 73.7893 
0.53 71.5492 
0.54 69.3805 
0.55 67.2801 
0.56 65.2452 
0.57 63.2732 
0.58 61.3616 
0.59 59.5082 
0.6 57.7109 
0.61 55.9676 
0.62 54.2766 
0.63 52.636 
0.64 51.0442 
0.65 49.4997 
0.66 48.001 
0.67 46.5466 
0.68 45.1352 
0.69 43.7657 
0.7 42.4366 
0.71 41.1469 
0.72 39.8954 
0.73 38.681 
0.74 37.5027 
0.75 36.3595 
0.76 35.2503 
0.77 34.1743 
0.78 33.1305 
0.79 32.1179 
0.8 31.1358 
0.81 30.1832 
0.82 29.2594 
0.83 28.3634 
0.84 27.4946 
0.85 26.6522 
0.86 25.8354 
0.87 25.0434 
0.88 24.2755 
0.89 23.5311 
0.9 22.8095 
0.91 22.11 
0.92 21.4319 
0.93 20.7746 
0.94 20.1374 
0.95 19.5199 
0.96 18.9213 
0.97 18.3411 
0.98 17.7788 
0.99 17.2338 
1 16.7056 
1.01 16.1936 
1.02 15.6973 
1.03 15.2163 
1.04 14.7501 
1.05 14.2982 
1.06 13.8602 
1.07 13.4356 
1.08 13.0241 
1.09 12.6251 
1.1 12.2384 
1.11 11.8635 
1.12 11.5 
1.13 11.1477 
1.14 10.806 
1.15 10.4748 
1.16 10.1537 
1.17 9.84232 
1.18 9.54041 
1.19 9.24766 
1.2 8.96379 
1.21 8.68852 
1.22 8.42158 
1.23 8.16271 
1.24 7.91167 
1.25 7.66822 
1.26 7.43211 
1.27 7.20314 
1.28 6.98107 
1.29 6.7657 
1.3 6.55682 
1.31 6.35425 
1.32 6.15778 
1.33 5.96724 
1.34 5.78245 
1.35 5.60324 
1.36 5.42943 
1.37 5.26088 
1.38 5.09742 
1.39 4.93891 
1.4 4.7852 
1.41 4.63615 
1.42 4.49162 
1.43 4.35148 
1.44 4.2156 
1.45 4.08386 
1.46 3.95614 
1.47 3.83232 
1.48 3.71228 
1.49 3.59593 
1.5 3.48314 
1.51 3.37382 
1.52 3.26786 
1.53 3.16518 
1.54 3.06567 
1.55 2.96924 
1.56 2.8758 
1.57 2.78527 
1.58 2.69756 
1.59 2.61258 
1.6 2.53026 
1.61 2.45052 
1.62 2.37329 
1.63 2.29848 
1.64 2.22604 
1.65 2.15588 
1.66 2.08794 
1.67 2.02216 
1.68 1.95847 
1.69 1.8968 
1.7 1.8371 
1.71 1.77931 
1.72 1.72337 
1.73 1.66922 
1.74 1.61681 
1.75 1.56608 
1.76 1.51699 
1.77 1.46949 
1.78 1.42351 
1.79 1.37903 
1.8 1.33598 
1.81 1.29433 
1.82 1.25404 
1.83 1.21505 
1.84 1.17733 
1.85 1.14084 
1.86 1.10553 
1.87 1.07138 
1.88 1.03834 
1.89 1.00638 
1.9 0.975462 
1.91 0.945554 
1.92 0.916622 
1.93 0.888636 
1.94 0.861563 
1.95 0.835375 
1.96 0.810041 
1.97 0.785534 
1.98 0.761827 
1.99 0.738892 
2 0.716705 
