0.01 1429.38 
0.02 1115.59 
0.03 938.74 
0.04 817.172 
0.05 725.519 
0.06 652.629 
0.07 592.624 
0.08 542.034 
0.09 498.631 
0.1 460.905 
0.11 427.777 
0.12 398.453 
0.13 372.326 
0.14 348.921 
0.15 327.858 
0.16 308.826 
0.17 291.565 
0.18 275.856 
0.19 261.513 
0.2 248.376 
0.21 236.303 
0.22 225.174 
0.23 214.882 
0.24 205.335 
0.25 196.452 
0.26 188.163 
0.27 180.404 
0.28 173.123 
0.29 166.272 
0.3 159.81 
0.31 153.701 
0.32 147.913 
0.33 142.418 
0.34 137.192 
0.35 132.213 
0.36 127.463 
0.37 122.924 
0.38 118.581 
0.39 114.421 
0.4 110.431 
0.41 106.602 
0.42 102.923 
0.43 99.3844 
0.44 95.9797 
0.45 92.701 
0.46 89.5418 
0.47 86.4961 
0.48 83.5583 
0.49 80.7235 
0.5 77.987 
0.51 75.3446 
0.52 72.7922 
0.53 70.3263 
0.54 67.9433 
0.55 65.6403 
0.56 63.414 
0.57 61.2619 
0.58 59.1812 
0.59 57.1695 
0.6 55.2244 
0.61 53.3437 
0.62 51.5253 
0.63 49.7671 
0.64 48.0673 
0.65 46.4238 
0.66 44.835 
0.67 43.2992 
0.68 41.8146 
0.69 40.3797 
0.7 38.9928 
0.71 37.6526 
0.72 36.3574 
0.73 35.106 
0.74 33.8969 
0.75 32.7288 
0.76 31.6004 
0.77 30.5104 
0.78 29.4576 
0.79 28.4407 
0.8 27.4587 
0.81 26.5103 
0.82 25.5945 
0.83 24.7102 
0.84 23.8563 
0.85 23.0318 
0.86 22.2358 
0.87 21.4672 
0.88 20.7252 
0.89 20.0088 
0.9 19.3172 
0.91 18.6494 
0.92 18.0048 
0.93 17.3824 
0.94 16.7815 
0.95 16.2014 
0.96 15.6413 
0.97 15.1005 
0.98 14.5784 
0.99 14.0743 
1 13.5876 
1.01 13.1176 
1.02 12.6638 
1.03 12.2256 
1.04 11.8025 
1.05 11.3938 
1.06 10.9992 
1.07 10.6182 
1.08 10.2502 
1.09 9.89475 
1.1 9.55151 
1.11 9.22001 
1.12 8.89984 
1.13 8.59062 
1.14 8.29197 
1.15 8.00352 
1.16 7.72494 
1.17 7.45587 
1.18 7.19599 
1.19 6.94501 
1.2 6.7026 
1.21 6.46849 
1.22 6.24239 
1.23 6.02403 
1.24 5.81316 
1.25 5.60953 
1.26 5.41289 
1.27 5.223 
1.28 5.03966 
1.29 4.86263 
1.3 4.6917 
1.31 4.52669 
1.32 4.36738 
1.33 4.21359 
1.34 4.06514 
1.35 3.92185 
1.36 3.78355 
1.37 3.65008 
1.38 3.52127 
1.39 3.39696 
1.4 3.27702 
1.41 3.16129 
1.42 3.04964 
1.43 2.94192 
1.44 2.83801 
1.45 2.73778 
1.46 2.6411 
1.47 2.54786 
1.48 2.45794 
1.49 2.37122 
1.5 2.2876 
1.51 2.20697 
1.52 2.12923 
1.53 2.05428 
1.54 1.98203 
1.55 1.91237 
1.56 1.84523 
1.57 1.78051 
1.58 1.71813 
1.59 1.65801 
1.6 1.60007 
1.61 1.54422 
1.62 1.49041 
1.63 1.43854 
1.64 1.38857 
1.65 1.34041 
1.66 1.294 
1.67 1.24928 
1.68 1.2062 
1.69 1.16468 
1.7 1.12467 
1.71 1.08612 
1.72 1.04897 
1.73 1.01318 
1.74 0.978691 
1.75 0.945455 
1.76 0.913428 
1.77 0.882564 
1.78 0.85282 
1.79 0.824155 
1.8 0.796528 
1.81 0.769901 
1.82 0.744236 
1.83 0.719497 
1.84 0.69565 
1.85 0.67266 
1.86 0.650496 
1.87 0.629126 
1.88 0.60852 
1.89 0.58865 
1.9 0.569487 
1.91 0.551006 
1.92 0.533179 
1.93 0.515983 
1.94 0.499394 
1.95 0.483388 
1.96 0.467943 
1.97 0.453039 
1.98 0.438654 
1.99 0.42477 
2 0.411367 
